COMMANDER Sample ID
0.5      53409376
0.52     37255532
0.54     26003130
0.56     17595398
0.58     11336806
0.6      6932033
0.62     4066594
0.64     2461106
0.66     1814286
0.68     1806608
0.7      2165258
0.72     2662363
0.74     3137410
0.76     3475266
0.78     3629615
0.8      3588659
0.82     3357073
0.84     2986080
0.86     2527634
0.88     2033732
0.9      1551116
0.92     1126104
0.94     780838
0.96     534345
0.98     385589
1.0      324493
1.02     339825
1.04     407206
1.06     507482
1.08     612978
1.1      706552
1.12     775577
1.14     806883
1.16     801087
1.18     756934
1.2      682269
1.22     585584
1.24     477223
1.26     371503
1.28     277418
1.3      198890
1.32     145001
1.34     114898
1.36     106553
1.38     116459
1.4      140559
1.42     170438
1.44     202178
1.46     229795
1.48     248565
1.5      257922
1.52     254896
1.54     241060
1.56     219016
1.58     190359
1.6      157959
1.62     126626
1.64     97926
1.66     74726
1.68     57243
1.7      47780
1.72     44783
1.74     47610
1.76     55313
1.78     64956
1.8      76158
1.82     86009
1.84     92951
1.86     95858
1.88     95907
1.9      90613
1.92     82142
1.94     72681
1.96     60646
1.98     49451
2.0      38860
2.02     30687
2.04     24744
2.06     21049
2.08     20341
2.1      21722
2.12     24881
2.14     28596
2.16     32567
2.18     35991
2.2      38232
2.22     39428
2.24     39153
2.26     37178
2.28     34009
2.3      30195
2.32     25873
2.34     21539
2.36     17602
2.38     14147
2.4      11848
2.42     10651
2.44     10536
2.46     11258
2.48     12237
2.5      13958
2.52     15630
2.54     16953
2.56     17970
2.58     17888
2.6      18135
2.62     17421
2.64     16081
2.66     14275
2.68     12642
2.7      10830
2.72     9200
2.74     8058
2.76     7199
2.78     6696
2.8      6947
2.82     7130
2.84     7754
2.86     8105
2.88     8970
2.9      9485
2.92     9884
2.94     9894
2.96     9727
2.98     9124
3.0      8550
3.02     7708
3.04     6885
3.06     5928
3.08     5185
3.1      4646
3.12     4245
3.14     4031
3.16     4092
3.18     4288
3.2      4561
3.22     4974
3.24     5053
3.26     5396
3.28     5526
3.3      5430
3.32     5365
3.34     5127
3.36     4882
3.38     4421
3.4      3944
3.42     3673
3.44     3374
3.46     3085
3.48     3018
3.5      2904
3.52     2922
3.54     3027
3.56     3226
3.58     3418
3.6      3517
3.62     3658
3.64     3682
3.66     3554
3.68     3659
3.7      3391
3.72     3223
3.74     3040
3.76     2841
3.78     2548
3.8      2465
3.82     2322
3.84     2258
3.86     2336
3.88     2235
3.9      2417
3.92     2341
3.94     2511
3.96     2694
3.98     2714
4.0      2659
4.02     2740
4.04     2613
4.06     2464
4.08     2378
4.1      2298
4.12     2227
4.14     2057
4.16     1959
4.18     2017
4.2      1880
4.22     1894
4.24     1948
4.26     1922
4.28     1961
4.3      2102
4.32     2003
4.34     2206
4.36     2257
4.38     2127
4.4      2109
4.42     2070
4.44     1987
4.46     1923
4.48     1904
4.5      1753
4.52     1623
4.54     1671
4.56     1681
4.58     1688
4.6      1663
4.62     1681
4.64     1743
4.66     1802
4.68     1836
4.7      1827
4.72     1835
4.74     1830
4.76     1816
4.78     1819
4.8      1683
4.82     1661
4.84     1641
4.86     1631
4.88     1586
4.9      1458
4.92     1420
4.94     1422
4.96     1532
4.98     1529
5.0      1599
